123
-3052
-2039
-722
-2770
3385
-1546
-1384
3796
4454
523
2892
100
-3948
-838
4306
-2084
-4099
-1575
1305
-1683
955
4037
-3228
-4502
-1218
-692
730
-798
4190
1268
2311
4220
-1219
1123
-235
4149
779
-3992
3947
2922
-3913
-726
-1052
-1
1988
4225
2922
-2795
4410
-1199
-1536
-4176
4039
-1469
2043
-2066
-2587
-1676
-3661
1813
-4093
3045
-135
-2294
-4212
2589
2389
-97
-3191
2155
707
-134
-3574
1662
-1521
-389
-3166
4239
-3143
4562
4478
3146
672
-1526
233
-4244
3031
442
3679
-3641
2790
941
-2784
-3050
-2197
-4457
338
3163
-1125
2535
-3515
3799
-1496
-2295
-3890
-2271
-2622
1698
-195
-926
4113
2759
-3201
-2399
-3816
3912
-4325
-119
-1384
-983
236
-16
-64
